0 2 3.15693
0.0015625 2.00494 3.16562
0.003125 2.00989 3.17408
0.0046875 2.01486 3.18236
0.00625 2.01984 3.19053
0.0078125 2.02483 3.19859
0.009375 2.02983 3.20656
0.0109375 2.03485 3.21446
0.0125 2.03988 3.22229
0.0140625 2.04492 3.23005
0.015625 2.04997 3.23777
0.0171875 2.05504 3.24543
0.01875 2.06011 3.25304
0.0203125 2.0652 3.26062
0.021875 2.0703 3.26816
0.0234375 2.07542 3.27565
0.025 2.08054 3.28311
0.0265625 2.08568 3.29054
0.028125 2.09082 3.29794
0.0296875 2.09598 3.30531
0.03125 2.10115 3.31265
0.0328125 2.10633 3.31995
0.034375 2.11153 3.32723
0.0359375 2.11673 3.33449
0.0375 2.12195 3.34172
0.0390625 2.12717 3.34892
0.040625 2.13241 3.35611
0.0421875 2.13766 3.36326
0.04375 2.14292 3.3704
0.0453125 2.14819 3.37753
0.046875 2.15348 3.38462
0.0484375 2.15877 3.3917
0.05 2.16408 3.39876
0.0515625 2.16939 3.40581
0.053125 2.17472 3.41283
0.0546875 2.18006 3.41983
0.05625 2.18541 3.42682
0.0578125 2.19077 3.43379
0.059375 2.19614 3.44075
0.0609375 2.20152 3.44769
0.0625 2.20691 3.45461
0.0640625 2.21231 3.46152
0.065625 2.21773 3.46842
0.0671875 2.22315 3.4753
0.06875 2.22859 3.48217
0.0703125 2.23404 3.48902
0.071875 2.23949 3.49585
0.0734375 2.24496 3.50267
0.075 2.25044 3.50947
0.0765625 2.25593 3.51628
0.078125 2.26143 3.52307
0.0796875 2.26694 3.52984
0.08125 2.27246 3.5366
0.0828125 2.27799 3.54334
0.084375 2.28353 3.55007
0.0859375 2.28908 3.55679
0.0875 2.29464 3.56351
0.0890625 2.30022 3.5702
0.090625 2.3058 3.57689
0.0921875 2.3114 3.58357
0.09375 2.317 3.59023
0.0953125 2.32262 3.59689
0.096875 2.32824 3.60354
0.0984375 2.33388 3.61017
0.1 2.33952 3.61679
0.101562 2.34518 3.62341
0.103125 2.35085 3.63002
0.104688 2.35652 3.63661
0.10625 2.36221 3.6432
0.107813 2.36791 3.64978
0.109375 2.37362 3.65634
0.110938 2.37933 3.6629
0.1125 2.38506 3.66944
0.114063 2.3908 3.67597
0.115625 2.39655 3.6825
0.117188 2.40231 3.68901
0.11875 2.40808 3.69553
0.120313 2.41386 3.70202
0.121875 2.41965 3.70852
0.123438 2.42545 3.71501
0.125 2.43126 3.72148
0.126562 2.43708 3.72794
0.128125 2.44291 3.7344
0.129688 2.44875 3.74085
0.13125 2.4546 3.74729
0.132812 2.46046 3.75372
0.134375 2.46633 3.76015
0.135938 2.47221 3.76657
0.1375 2.4781 3.77298
0.139063 2.484 3.77938
0.140625 2.48991 3.78578
0.142187 2.49583 3.79215
0.14375 2.50176 3.79853
0.145313 2.5077 3.80489
0.146875 2.51365 3.81125
0.148438 2.51961 3.8176
0.15 2.52558 3.82394
0.151563 2.53156 3.83027
0.153125 2.53755 3.83661
0.154688 2.54355 3.84294
0.15625 2.54956 3.84925
0.157813 2.55558 3.85557
0.159375 2.56161 3.86187
0.160938 2.56764 3.86817
0.1625 2.57369 3.87445
0.164062 2.57975 3.88074
0.165625 2.58582 3.88701
0.167188 2.5919 3.89328
0.16875 2.59799 3.89953
0.170313 2.60409 3.90579
0.171875 2.61019 3.91203
0.173438 2.61631 3.91828
0.175 2.62244 3.92451
0.176563 2.62857 3.93073
0.178125 2.63472 3.93695
0.179688 2.64088 3.94315
0.18125 2.64704 3.94936
0.182813 2.65322 3.95556
0.184375 2.6594 3.96175
0.185938 2.6656 3.96793
0.1875 2.6718 3.97412
0.189063 2.67802 3.98029
0.190625 2.68424 3.98646
0.192188 2.69048 3.99262
0.19375 2.69672 3.99877
0.195312 2.70297 4.00492
0.196875 2.70924 4.01107
0.198438 2.71551 4.0172
0.2 2.72179 4.02334
0.201563 2.72808 4.02946
0.203125 2.73438 4.03558
0.204688 2.74069 4.04169
0.20625 2.74701 4.0478
0.207813 2.75334 4.0539
0.209375 2.75968 4.05999
0.210938 2.76603 4.06608
0.2125 2.77239 4.07216
0.214063 2.77875 4.07824
0.215625 2.78513 4.08431
0.217188 2.79152 4.09037
0.21875 2.79791 4.09643
0.220313 2.80432 4.10248
0.221875 2.81073 4.10853
0.223438 2.81716 4.11456
0.225 2.82359 4.1206
0.226562 2.83003 4.12663
0.228125 2.83649 4.13265
0.229688 2.84295 4.13866
0.23125 2.84942 4.14467
0.232813 2.8559 4.15067
0.234375 2.86239 4.15667
0.235938 2.86889 4.16266
0.2375 2.8754 4.16865
0.239063 2.88192 4.17464
0.240625 2.88845 4.18061
0.242188 2.89498 4.18659
0.24375 2.90153 4.19255
0.245313 2.90808 4.19851
0.246875 2.91465 4.20446
0.248438 2.92122 4.21041
0.25 2.92781 4.21635
0.251563 2.9344 4.22229
0.253125 2.941 4.22822
0.254688 2.94761 4.23414
0.25625 2.95423 4.24007
0.257812 2.96086 4.24599
0.259375 2.9675 4.2519
0.260937 2.97415 4.2578
0.2625 2.98081 4.2637
0.264063 2.98747 4.26959
0.265625 2.99415 4.27548
0.267188 3.00083 4.28136
0.26875 3.00753 4.28724
0.270313 3.01423 4.29312
0.271875 3.02094 4.29898
0.273438 3.02767 4.30485
0.275 3.0344 4.3107
0.276562 3.04114 4.31655
0.278125 3.04789 4.3224
0.279688 3.05464 4.32824
0.28125 3.06141 4.33408
0.282813 3.06819 4.33991
0.284375 3.07497 4.34574
0.285938 3.08177 4.35155
0.2875 3.08857 4.35737
0.289062 3.09539 4.36317
0.290625 3.10221 4.36898
0.292187 3.10904 4.37478
0.29375 3.11588 4.38057
0.295313 3.12273 4.38637
0.296875 3.12959 4.39215
0.298438 3.13645 4.39793
0.3 3.14333 4.40369
0.301563 3.15022 4.40946
0.303125 3.15711 4.41523
0.304688 3.16401 4.42099
0.30625 3.17093 4.42674
0.307813 3.17785 4.43248
0.309375 3.18478 4.43823
0.310938 3.19172 4.44396
0.3125 3.19866 4.44969
0.314063 3.20562 4.45542
0.315625 3.21259 4.46114
0.317188 3.21956 4.46686
0.31875 3.22655 4.47257
0.320312 3.23354 4.47827
0.321875 3.24054 4.48398
0.323438 3.24755 4.48967
0.325 3.25457 4.49537
0.326563 3.2616 4.50105
0.328125 3.26864 4.50673
0.329688 3.27568 4.5124
0.33125 3.28274 4.51807
0.332813 3.2898 4.52374
0.334375 3.29687 4.5294
0.335938 3.30396 4.53506
0.3375 3.31105 4.54071
0.339063 3.31815 4.54635
0.340625 3.32525 4.552
0.342188 3.33237 4.55763
0.34375 3.3395 4.56326
0.345313 3.34663 4.56889
0.346875 3.35377 4.57451
0.348438 3.36093 4.58013
0.35 3.36809 4.58574
0.351562 3.37526 4.59135
0.353125 3.38244 4.59694
0.354688 3.38962 4.60254
0.35625 3.39682 4.60814
0.357813 3.40402 4.61372
0.359375 3.41124 4.61931
0.360938 3.41846 4.62488
0.3625 3.42569 4.63045
0.364063 3.43293 4.63601
0.365625 3.44018 4.64157
0.367188 3.44743 4.64713
0.36875 3.4547 4.65268
0.370313 3.46197 4.65823
0.371875 3.46926 4.66376
0.373438 3.47655 4.6693
0.375 3.48385 4.67484
0.376563 3.49116 4.68036
0.378125 3.49847 4.68588
0.379688 3.5058 4.6914
0.38125 3.51313 4.69691
0.382812 3.52048 4.70242
0.384375 3.52783 4.70792
0.385938 3.53519 4.71342
0.3875 3.54256 4.7189
0.389063 3.54994 4.72439
0.390625 3.55732 4.72988
0.392188 3.56472 4.73535
0.39375 3.57212 4.74083
0.395313 3.57953 4.74629
0.396875 3.58695 4.75175
0.398438 3.59438 4.75722
0.4 3.60182 4.76267
0.401563 3.60926 4.76812
0.403125 3.61672 4.77355
0.404688 3.62418 4.77899
0.40625 3.63165 4.78443
0.407813 3.63913 4.78986
0.409375 3.64662 4.79528
0.410938 3.65412 4.8007
0.4125 3.66162 4.80611
0.414062 3.66914 4.81152
0.415625 3.67666 4.81693
0.417188 3.68419 4.82233
0.41875 3.69173 4.82772
0.420313 3.69928 4.83311
0.421875 3.70683 4.83848
0.423438 3.7144 4.84386
0.425 3.72197 4.84924
0.426563 3.72955 4.8546
0.428125 3.73714 4.85997
0.429688 3.74474 4.86532
0.43125 3.75235 4.87067
0.432813 3.75996 4.87603
0.434375 3.76758 4.88137
0.435938 3.77521 4.88671
0.4375 3.78285 4.89204
0.439063 3.7905 4.89736
0.440625 3.79816 4.90269
0.442188 3.80582 4.90801
0.44375 3.8135 4.91333
0.445312 3.82118 4.91863
0.446875 3.82887 4.92393
0.448438 3.83656 4.92924
0.45 3.84427 4.93453
0.451563 3.85198 4.93982
0.453125 3.85971 4.9451
0.454688 3.86744 4.95038
0.45625 3.87518 4.95566
0.457813 3.88292 4.96093
0.459375 3.89068 4.96619
0.460938 3.89844 4.97145
0.4625 3.90622 4.9767
0.464063 3.914 4.98195
0.465625 3.92178 4.98719
0.467188 3.92958 4.99243
0.46875 3.93739 4.99766
0.470313 3.9452 5.00289
0.471875 3.95302 5.00811
0.473438 3.96085 5.01333
0.475 3.96869 5.01855
0.476562 3.97653 5.02376
0.478125 3.98439 5.02896
0.479688 3.99225 5.03416
0.48125 4.00012 5.03935
0.482813 4.008 5.04453
0.484375 4.01588 5.04971
0.485938 4.02378 5.0549
0.4875 4.03168 5.06007
0.489063 4.03959 5.06524
0.490625 4.04751 5.07039
0.492188 4.05543 5.07555
0.49375 4.06337 5.08071
0.495313 4.07131 5.08585
0.496875 4.07926 5.091
0.498438 4.08722 5.09613
0.5 4.09519 5.10126
0.501563 4.10316 5.10639
0.503125 4.11114 5.11151
0.504688 4.11913 5.11663
0.50625 4.12713 5.12174
0.507812 4.13514 5.12684
0.509375 4.14315 5.13194
0.510938 4.15118 5.13704
0.5125 4.15921 5.14212
0.514062 4.16725 5.14721
0.515625 4.17529 5.15229
0.517188 4.18335 5.15736
0.51875 4.19141 5.16243
0.520313 4.19948 5.16749
0.521875 4.20756 5.17255
0.523438 4.21564 5.17761
0.525 4.22374 5.18266
0.526563 4.23184 5.18771
0.528125 4.23995 5.19274
0.529687 4.24807 5.19778
0.53125 4.25619 5.2028
0.532813 4.26433 5.20783
0.534375 4.27247 5.21284
0.535938 4.28062 5.21785
0.5375 4.28877 5.22286
0.539062 4.29694 5.22786
0.540625 4.30511 5.23286
0.542188 4.31329 5.23784
0.54375 4.32148 5.24283
0.545312 4.32967 5.2478
0.546875 4.33788 5.25278
0.548438 4.34609 5.25775
0.55 4.35431 5.26272
0.551563 4.36254 5.26768
0.553125 4.37077 5.27263
0.554688 4.37901 5.27758
0.55625 4.38726 5.28251
0.557813 4.39552 5.28745
0.559375 4.40379 5.29238
0.560937 4.41206 5.2973
0.5625 4.42034 5.30223
0.564063 4.42863 5.30714
0.565625 4.43692 5.31206
0.567188 4.44523 5.31696
0.56875 4.45354 5.32186
0.570312 4.46186 5.32675
0.571875 4.47019 5.33164
0.573438 4.47852 5.33651
0.575 4.48686 5.34139
0.576562 4.49521 5.34627
0.578125 4.50357 5.35113
0.579688 4.51193 5.356
0.58125 4.52031 5.36085
0.582813 4.52869 5.3657
0.584375 4.53708 5.37054
0.585938 4.54547 5.37538
0.5875 4.55387 5.38021
0.589063 4.56228 5.38504
0.590625 4.5707 5.38985
0.592187 4.57913 5.39467
0.59375 4.58756 5.39948
0.595313 4.596 5.40429
0.596875 4.60445 5.40909
0.598438 4.6129 5.41388
0.6 4.62137 5.41867
0.601562 4.62984 5.42345
0.603125 4.63831 5.42823
0.604688 4.6468 5.433
0.60625 4.65529 5.43776
0.607813 4.66379 5.44252
0.609375 4.6723 5.44727
0.610938 4.68082 5.45202
0.6125 4.68934 5.45676
0.614063 4.69787 5.46149
0.615625 4.70641 5.46622
0.617188 4.71495 5.47095
0.61875 4.7235 5.47567
0.620313 4.73206 5.48038
0.621875 4.74063 5.48509
0.623438 4.7492 5.4898
0.625 4.75778 5.49449
0.626563 4.76637 5.49918
0.628125 4.77497 5.50386
0.629688 4.78357 5.50854
0.63125 4.79218 5.51321
0.632812 4.8008 5.51788
0.634375 4.80943 5.52254
0.635938 4.81806 5.52719
0.6375 4.8267 5.53183
0.639063 4.83535 5.53648
0.640625 4.844 5.54111
0.642188 4.85266 5.54574
0.64375 4.86133 5.55037
0.645313 4.87001 5.55499
0.646875 4.87869 5.5596
0.648438 4.88738 5.56421
0.65 4.89608 5.5688
0.651563 4.90478 5.5734
0.653125 4.9135 5.57799
0.654688 4.92221 5.58257
0.65625 4.93094 5.58715
0.657813 4.93967 5.59172
0.659375 4.94841 5.59628
0.660938 4.95716 5.60084
0.6625 4.96592 5.60539
0.664062 4.97468 5.60993
0.665625 4.98345 5.61448
0.667188 4.99222 5.61901
0.66875 5.00101 5.62354
0.670313 5.0098 5.62805
0.671875 5.0186 5.63257
0.673438 5.0274 5.63707
0.675 5.03621 5.64157
0.676563 5.04503 5.64606
0.678125 5.05386 5.65055
0.679688 5.06269 5.65503
0.68125 5.07153 5.65951
0.682813 5.08037 5.66398
0.684375 5.08923 5.66844
0.685938 5.09809 5.6729
0.6875 5.10696 5.67735
0.689063 5.11583 5.68179
0.690625 5.12471 5.68622
0.692188 5.1336 5.69066
0.69375 5.14249 5.69508
0.695312 5.1514 5.69949
0.696875 5.16031 5.70391
0.698438 5.16922 5.70831
0.7 5.17814 5.71271
0.701563 5.18707 5.7171
0.703125 5.19601 5.72148
0.704688 5.20495 5.72586
0.70625 5.2139 5.73023
0.707813 5.22286 5.73459
0.709375 5.23182 5.73895
0.710938 5.24079 5.7433
0.7125 5.24977 5.74764
0.714063 5.25876 5.75197
0.715625 5.26775 5.7563
0.717188 5.27674 5.76063
0.71875 5.28575 5.76494
0.720313 5.29476 5.76926
0.721875 5.30378 5.77356
0.723438 5.3128 5.77785
0.725 5.32183 5.78214
0.726562 5.33087 5.78642
0.728125 5.33992 5.7907
0.729688 5.34897 5.79496
0.73125 5.35802 5.79922
0.732813 5.36709 5.80347
0.734375 5.37616 5.80772
0.735938 5.38524 5.81196
0.7375 5.39432 5.81619
0.739063 5.40341 5.82041
0.740625 5.41251 5.82464
0.742188 5.42162 5.82885
0.74375 5.43073 5.83305
0.745313 5.43984 5.83725
0.746875 5.44897 5.84143
0.748438 5.4581 5.84562
0.75 5.46724 5.8498
0.751563 5.47638 5.85396
0.753125 5.48553 5.85812
0.754688 5.49469 5.86227
0.75625 5.50385 5.86642
0.757812 5.51302 5.87056
0.759375 5.52219 5.87469
0.760938 5.53138 5.87881
0.7625 5.54057 5.88292
0.764063 5.54976 5.88703
0.765625 5.55896 5.89113
0.767188 5.56817 5.89522
0.76875 5.57739 5.89931
0.770313 5.58661 5.90338
0.771875 5.59583 5.90745
0.773438 5.60507 5.91151
0.775 5.61431 5.91556
0.776563 5.62355 5.91961
0.778125 5.63281 5.92365
0.779688 5.64206 5.92768
0.78125 5.65133 5.9317
0.782813 5.6606 5.93571
0.784375 5.66988 5.93972
0.785938 5.67916 5.94372
0.7875 5.68845 5.94771
0.789062 5.69775 5.9517
0.790625 5.70705 5.95567
0.792188 5.71636 5.95964
0.79375 5.72568 5.96359
0.795313 5.735 5.96754
0.796875 5.74432 5.97148
0.798438 5.75366 5.97541
0.8 5.763 5.97934
0.801563 5.77234 5.98326
0.803125 5.7817 5.98717
0.804688 5.79105 5.99107
0.80625 5.80042 5.99496
0.807813 5.80979 5.99884
0.809375 5.81916 6.00272
0.810938 5.82855 6.00658
0.8125 5.83793 6.01044
0.814063 5.84733 6.01429
0.815625 5.85673 6.01812
0.817188 5.86614 6.02195
0.81875 5.87555 6.02577
0.820312 5.88497 6.02958
0.821875 5.89439 6.03338
0.823438 5.90382 6.03717
0.825 5.91326 6.04096
0.826563 5.9227 6.04473
0.828125 5.93215 6.0485
0.829688 5.9416 6.05225
0.83125 5.95106 6.05601
0.832813 5.96052 6.05974
0.834375 5.97 6.06347
0.835938 5.97947 6.06719
0.8375 5.98896 6.0709
0.839063 5.99844 6.0746
0.840625 6.00794 6.07829
0.842188 6.01744 6.08197
0.84375 6.02695 6.08564
0.845313 6.03646 6.08931
0.846875 6.04597 6.09296
0.848438 6.0555 6.09661
0.85 6.06503 6.10024
0.851562 6.07456 6.10387
0.853125 6.0841 6.10749
0.854688 6.09365 6.1111
0.85625 6.1032 6.1147
0.857813 6.11275 6.11829
0.859375 6.12232 6.12187
0.860938 6.13189 6.12543
0.8625 6.14146 6.12899
0.864063 6.15104 6.13253
0.865625 6.16062 6.13607
0.867188 6.17021 6.13959
0.86875 6.17981 6.14311
0.870313 6.18941 6.14662
0.871875 6.19902 6.15012
0.873438 6.20863 6.1536
0.875 6.21825 6.15707
0.876563 6.22787 6.16053
0.878125 6.2375 6.16398
0.879688 6.24713 6.16743
0.88125 6.25677 6.17085
0.882812 6.26642 6.17427
0.884375 6.27607 6.17768
0.885938 6.28572 6.18107
0.8875 6.29538 6.18446
0.889063 6.30505 6.18783
0.890625 6.31472 6.1912
0.892188 6.3244 6.19455
0.89375 6.33408 6.19788
0.895313 6.34377 6.20121
0.896875 6.35346 6.20452
0.898438 6.36315 6.20783
0.9 6.37286 6.21112
0.901563 6.38256 6.2144
0.903125 6.39228 6.21767
0.904688 6.40199 6.22092
0.90625 6.41172 6.22416
0.907813 6.42144 6.22738
0.909375 6.43118 6.2306
0.910938 6.44092 6.23381
0.9125 6.45066 6.23699
0.914062 6.46041 6.24017
0.915625 6.47016 6.24333
0.917188 6.47992 6.24648
0.91875 6.48968 6.24962
0.920313 6.49945 6.25118
0.921875 6.50922 6.25274
0.923438 6.51899 6.2543
0.925 6.52876 6.25587
0.926563 6.53854 6.25743
0.928125 6.54831 6.25899
0.929688 6.5581 6.26055
0.93125 6.56788 6.26212
0.932813 6.57766 6.26368
0.934375 6.58745 6.26524
0.935938 6.59724 6.2668
0.9375 6.60704 6.26837
0.939063 6.61683 6.26993
0.940625 6.62663 6.27149
0.942188 6.63643 6.27305
0.94375 6.64623 6.27462
0.945312 6.65604 6.27618
0.946875 6.66585 6.27774
0.948438 6.67566 6.2793
0.95 6.68547 6.28087
0.951563 6.69528 6.28243
0.953125 6.7051 6.28399
0.954688 6.71492 6.28555
0.95625 6.72474 6.28712
0.957813 6.73457 6.28868
0.959375 6.7444 6.29024
0.960938 6.75423 6.2918
0.9625 6.76406 6.29337
0.964063 6.77389 6.29493
0.965625 6.78373 6.29649
0.967188 6.79357 6.29805
0.96875 6.80341 6.29962
0.970313 6.81326 6.30118
0.971875 6.8231 6.30274
0.973438 6.83295 6.3043
0.975 6.8428 6.30587
0.976562 6.85266 6.30743
0.978125 6.86251 6.30899
0.979688 6.87237 6.31055
0.98125 6.88223 6.31212
0.982813 6.8921 6.31368
0.984375 6.90196 6.31524
0.985938 6.91183 6.3168
0.9875 6.9217 6.31837
0.989063 6.93158 6.31993
0.990625 6.94145 6.32149
0.992188 6.95133 6.32305
0.99375 6.96121 6.32462
0.995313 6.9711 6.32618
0.996875 6.98098 6.32774
0.998438 6.99087 6.3293
1 7.00076 6.33087
